4
79
3009
3882
757
7242
6696
4611
8849
4334
8543
9640
6636
9372
2332
9846
5041
1637
3711
7122
3069
5102
5631
6232
2954
6035
25
9189
5618
1736
3331
2202
8165
3026
1091
915
9466
8451
9891
8636
6137
2406
4003
4602
7927
7157
1243
3415
9985
8299
8088
7602
5052
9871
3005
5086
3357
6086
4514
1967
6806
3600
9072
3612
4996
5995
1595
7502
5446
3091
5876
2391
9541
1530
847
8798
76
1882
165
8368
3384
80
6315
5748
8613
5747
3179
5051
3120
6104
8398
8260
9998
2851
4742
5243
8147
2971
9871
4539
1981
4016
4428
7914
3411
4833
1381
8171
2769
4220
7885
4204
5459
3534
7712
1914
628
5439
9261
1054
4250
1317
1580
308
9378
6898
3632
5317
4072
7929
8620
1676
2239
7135
3208
2446
950
6266
6045
559
8894
3735
1531
4224
6013
8027
1908
9436
5496
2234
9900
6233
1823
6853
5520
39
4019
3243
8521
9243
3298
7719
39
2064
7166
1627
4619
1803
9804
1285
6366
5612
8638
8280
5332
5032
2327
897
9710
9862
7887
1026
7649
8002
9894
5034
9408
2714
5732
217
6648
180
8132
2771
4980
440
908
1072
6465
7126
4425
1721
23
9322
2850
2894
7598
673
3062
8765
7634
1606
5278
4114
4874
1833
5128
1686
1605
1482
9762
2356
1974
105
814
9709
