6
77
2431
3091
8371
8677
5033
525
893
8094
7843
8022
3532
2211
4698
6844
4314
9330
415
6611
6404
2442
8118
6167
3859
8011
5512
6279
4300
6333
1202
2556
2829
3391
8600
9278
1035
4286
4681
2879
8880
5285
9653
7206
8421
4876
6465
9953
5200
102
2468
8323
9828
5742
2085
5426
2072
8654
3709
9498
4767
4177
2608
9901
8363
3308
8101
1159
2119
1550
4188
7937
8541
5245
927
5147
1010
9863
7498
61
4877
4724
9120
2533
7322
9851
5535
6834
8679
2325
2339
8489
3215
4762
5902
5820
5722
7055
9546
6706
1812
4720
7395
1911
949
7254
7841
3035
923
9972
6962
6688
5770
3950
8126
3433
3222
6399
4719
7530
3270
4766
7231
5039
1726
7193
5440
4238
345
85
4133
9285
486
3372
831
7058
4769
9048
9169
2397
9369
93
4852
3255
8633
1844
7614
5437
6606
4525
6864
5544
7213
438
7033
2297
9199
9446
8376
9718
1491
6553
1546
5232
8490
6094
6178
6681
6898
108
332
8434
5747
8523
8627
2284
8933
9487
8866
1139
6708
3674
3639
7154
6027
3585
1647
9894
6685
7755
8575
8191
2725
1878
3267
8153
8710
4945
2159
2815
1187
8892
2952
305
7124
1510
4814
4457
9164
5648
8573
7559
58
8730
1217
6822
5426
3810
5063
9471
7421
8299
6691
7721
322
9562
7071
5633
7307
6162
3173
4427
6597
3049
3940
94
2995
3610
9019
1118
2621
5944
6322
1782
3647
8358
5641
6766
9199
764
1166
4947
4364
8675
9589
812
742
9493
5491
242
9365
5708
5986
7696
2283
9141
4061
1680
2210
7318
4304
6258
4548
7035
4351
9547
6497
2173
5988
1914
4868
5134
37
7597
4233
1020
8238
7959
2939
7166
1399
5746
6008
2163
8419
3439
7562
1241
206
1929
3353
5660
7573
1116
8361
2832
5614
1225
1998
9981
3875
938
6894
5028
2499
7321
2685
3694
9446
2587
3232
3988
871
6362
1301
7068
5182
8282
3787
2439
91
7622
1736
5357
5324
2422
6295
1800
8765
5574
3225
8876
6654
2433
8715
341
854
9871
2070
8895
7881
3982
7196
8355
272
5656
8675
5252
1805
735
9444
347
3172
5528
459
2342
956
1887
9739
4911
3866
8974
1386
7997
4791
3739
9923
8188
6134
651
1071
3475
7435
6691
2834
8909
5214
3925
3214
4669
3392
4715
5993
3666
2924
6997
7636
9841
7240
1302
6487
5903
634
6482
3330
8801
7766
15
6018
8125
5482
7831
1953
391
589
1799
9874
3594
5712
454
790
5229
66
9008
9159
7291
7972
2385
7569
5025
27
1931
122
7445
698
6479
4358
3206
924
6391
8966
7077
4478
4772
889
5070
5796
4767
278
2894
2513
4419
6765
1485
9845
1563
1877
6785
1291
8031
6129
503
1673
2814
6712
5005
4802
2651
3743
3249
3836
4473
5450
5349
7201
5059
3597
7927
9642
6239
8664
4693
9307
1215
7433
5248
4865
2489
8290
